MATRIX :

    1.892     0.432    -0.599     0.202     0.603    -0.202 
    0.432     1.672     0.256    -0.599     0.204     0.304 
   -0.599     0.256     1.562     0.532     0.101     0.506 
    0.202    -0.599     0.532     1.782     0.106    -0.311 
    0.603     0.204     0.101     0.106     2.002     0.102 
   -0.202     0.304     0.506    -0.311     0.102     2.112 

FOUND 2.829605 WITH 160 ITERATIONS
EIGEN VECTOR : ( 0.7012 , 0.1983 , -0.3922 , -0.03952 , 0.4695 , -0.3053 )
