MATRIX :

    1.892     0.432    -0.599     0.202     0.603    -0.202 
    0.432     1.672     0.256    -0.599     0.204     0.304 
   -0.599     0.256     1.562     0.532     0.101     0.506 
    0.202    -0.599     0.532     1.782     0.106    -0.311 
    0.603     0.204     0.101     0.106     2.002     0.102 
   -0.202     0.304     0.506    -0.311     0.102     2.112 

MADE 42 ITEARTIONS

FOUND       1.335 EIGENVALUE
IT'S EIGENVECTOR : (      0.5436 ,    -0.01301 ,     -0.1353 ,      0.3558 ,     -0.5935 ,      0.4551 )
||A*x(i) -Y*x(i)|| =    3.86e-08

FOUND       1.426 EIGENVALUE
IT'S EIGENVECTOR : (     0.06444 ,      0.6783 ,      0.4234 ,       0.153 ,     -0.3259 ,     -0.4763 )
||A*x(i) -Y*x(i)|| =   7.389e-10

FOUND      0.3588 EIGENVALUE
IT'S EIGENVECTOR : (      0.4433 ,      -0.438 ,        0.59 ,      -0.487 ,     -0.1055 ,     -0.1235 )
||A*x(i) -Y*x(i)|| =   3.119e-07

FOUND       2.339 EIGENVALUE
IT'S EIGENVECTOR : (     0.09338 ,     -0.1394 ,      0.5028 ,      0.6771 ,      0.4898 ,      0.1435 )
||A*x(i) -Y*x(i)|| =   2.664e-07

FOUND        2.83 EIGENVALUE
IT'S EIGENVECTOR : (      0.7007 ,      0.1938 ,      -0.394 ,    -0.03626 ,      0.4673 ,     -0.3108 )
||A*x(i) -Y*x(i)|| =    8.38e-09

FOUND       2.733 EIGENVALUE
IT'S EIGENVECTOR : (     0.06441 ,      0.5394 ,      0.2149 ,     -0.3913 ,      0.2685 ,      0.6584 )
||A*x(i) -Y*x(i)|| =   3.472e-08

