    -0.09    -4.97    -7.94     8.95     -6.8     -0.4     9.63    -1.25     9.33     5.93 |    -78.5

    -4.97    -2.17     -8.5     9.19    -7.04     4.99     5.01    -9.25    -9.64    -6.98 |    -79.9

    -7.94     -8.5     8.54    -1.97     6.51    -9.08     9.86    -6.19     8.75    -8.44 |     -117

     8.95     9.19    -1.97    -3.02     -3.2     1.48    -5.08     7.07    -3.37      2.2 |      170

     -6.8    -7.04     6.51     -3.2    -2.18    -1.02    -9.68     2.65      9.1    -0.95 |    -55.8

     -0.4     4.99    -9.08     1.48    -1.02    -9.01     7.44    -0.73    -1.96    -7.41 |      127

     9.63     5.01     9.86    -5.08    -9.68     7.44     5.92    -3.74    -7.51     6.59 |    -5.15

    -1.25    -9.25    -6.19     7.07     2.65    -0.73    -3.74    -1.25    -0.45     9.84 |     -112

     9.33    -9.64     8.75    -3.37      9.1    -1.96    -7.51    -0.45    -6.71    -9.59 |     24.2

     5.93    -6.98    -8.44      2.2    -0.95    -7.41     6.59     9.84    -9.59    -1.89 |      175

--------------------------------------------------------------------------------------------------------------

True X :
     4.88
     4.03
    -5.24
    -6.58
    -2.49
    -4.45
    -0.27
     8.29
    -2.19
    -4.39


--------------------------------------------------------------------------------------------------------------

 number of iterations : 8.41e+03

--------------------------------------------------------------------------------------------------------------

compare answers

                          true X                         found X

    x0:    4.8799999999999998934    X0:    4.8789351312455808696
    x1:    4.0300000000000002487    X1:    4.0338997292595850652
    x2:   -5.2400000000000002132    X2:   -5.2323696666272896394
    x3:   -6.5800000000000000711    X3:   -6.5686067422820997308
    x4:   -2.4900000000000002132    X4:   -2.4906196646380505122
    x5:   -4.4500000000000001776    X5:   -4.4540596092285378305
    x6:  -0.27000000000000001776    X6:  -0.27093543972977657264
    x7:    8.2899999999999991473    X7:     8.293218887566421671
    x8:   -2.1899999999999999467    X8:   -2.1917815534823796852
    x9:   -4.3899999999999996803    X9:   -4.3898239683430855251


residual :0.011393257717900340253

--------------------------------------------------------------------------------------------------------------