     5.38    -4.75        0        0        0        0        0        0        0        0 |   33.926

    -3.69    -7.56    -1.63        0        0        0        0        0        0        0 |   10.817

        0     2.19     4.77    -5.86        0        0        0        0        0        0 |  -4.6884

        0        0     0.75    -9.23     8.58        0        0        0        0        0 |   2.0868

        0        0        0    -0.14     5.04    -9.88        0        0        0        0 |  -83.825

        0        0        0        0     3.51     3.38    -4.49        0        0        0 |   14.599

        0        0        0        0        0     4.53     7.33    -8.76        0        0 |  -74.415

        0        0        0        0        0        0    -4.18     7.32     4.86        0 |   84.157

        0        0        0        0        0        0        0    -1.41     9.11     0.73 |    0.431

        0        0        0        0        0        0        0        0     5.54      5.2 |   50.611

--------------------------------------------------------------------------------------------------------------

x0:   4.3899999999999996803  X0:   4.3899999999999996803
x1:   -2.170000000000000373  X1:  -2.1699999999999999289
x2:  -6.5099999999999980105  X2:  -6.5099999999999997868
x3:  -5.3099999999999969447  X3:  -5.3099999999999996092
x4:  -4.8999999999999985789  X4:  -4.9000000000000003553
x5:   6.0600000000000004974  X5:   6.0599999999999996092
x6:  -2.5199999999999977973  X6:  -2.5200000000000000178
x7:   9.5199999999999995737  X7:   9.5199999999999995737
x8:  0.81000000000000005329  X8:  0.81000000000000005329
x9:   8.8699999999999992184  X9:   8.8699999999999992184

residual : 2.66e-15

--------------------------------------------------------------------------------------------------------------

f0:   33.925699999999999079  F0:   33.925699999999999079
f1:   10.817399999999999238  F1:   10.817399999999997462
f2:  -4.6884000000000014552  F2:  -4.6884000000000014552
f3:   2.0867999999999895522  F3:   2.0867999999999966576
f4:   -83.82540000000000191  F4:   -83.82540000000000191
f5:   14.598599999999997578  F5:   14.598599999999995802
f6:   -74.41499999999996362  F6:  -74.414999999999992042
f7:   84.156599999999997408  F7:   84.156599999999997408
f8:  0.43100000000000182609  F8:  0.43100000000000182609
f9:   50.611399999999996169  F9:   50.611399999999996169

residual : 2.84e-14

--------------------------------------------------------------------------------------------------------------

